#Npix	Zp_x	Zp_y	Zp_z
0	5.39E-05	4.49E-16	1
1	-0.0272211	-0.0311863	0.999143
2	-0.0271135	-0.0155972	0.999511
3	-0.0270776	-1.05E-14	0.999633
4	-0.0271135	0.0155972	0.999511
5	-0.0272211	0.0311863	0.999143
6	-0.0135674	0.023398	0.999634
7	-0.0134945	0.00780067	0.999879
8	-0.0134945	-0.00780067	0.999879
9	-0.0135674	-0.023398	0.999634
10	-9.40E-05	-0.0311946	0.999513
11	1.69E-05	-0.0156013	0.999878
12	5.39E-05	4.49E-16	1
13	1.69E-05	0.0156013	0.999878
14	-9.40E-05	0.0311946	0.999513
15	0.0134533	0.023398	0.999636
16	0.0135282	0.00780067	0.999878
17	0.0135282	-0.00780067	0.999878
18	0.0134533	-0.023398	0.999636
19	0.0268121	-0.0311869	0.999154
20	0.0269258	-0.0155974	0.999516
21	0.0269637	-1.82E-15	0.999636
22	0.0269258	0.0155974	0.999516
23	0.0268121	0.0311869	0.999154
24	-0.132088	0.0280137	0.990842
25	-0.132226	0.0434921	0.990265
26	-0.132424	0.0589462	0.989439
27	-0.13268	0.0743676	0.988365
28	-0.132994	0.089748	0.987045
29	-0.11897	0.0821738	0.989492
30	-0.118676	0.0667507	0.990687
31	-0.118442	0.051291	0.991635
32	-0.118269	0.035803	0.992336
33	-0.104348	0.0280838	0.994144
34	-0.104495	0.043601	0.993569
35	-0.104704	0.0590944	0.992746
36	-0.104975	0.0745554	0.991676
37	-0.105308	0.0899758	0.990361
38	-0.0913264	0.0823559	0.99241
39	-0.0910161	0.0668978	0.9936
40	-0.0907694	0.0514035	0.994544
41	-0.0905868	0.0358812	0.995242
42	-0.0767252	0.0281364	0.996655
43	-0.076879	0.0436829	0.996083
44	-0.077099	0.0592059	0.995264
45	-0.0773843	0.074697	0.994199
46	-0.0777342	0.0901481	0.99289
47	-0.132994	-0.089748	0.987045
48	-0.13268	-0.0743676	0.988365
49	-0.132424	-0.0589462	0.989439
50	-0.132226	-0.0434921	0.990265
51	-0.132088	-0.0280137	0.990842
52	-0.118269	-0.035803	0.992336
53	-0.118442	-0.051291	0.991635
54	-0.118676	-0.0667507	0.990687
55	-0.11897	-0.0821738	0.989492
56	-0.105308	-0.0899758	0.990361
57	-0.104975	-0.0745554	0.991676
58	-0.104704	-0.0590944	0.992746
59	-0.104495	-0.043601	0.993569
60	-0.104348	-0.0280838	0.994144
61	-0.0905868	-0.0358812	0.995242
62	-0.0907694	-0.0514035	0.994544
63	-0.0910161	-0.0668978	0.9936
64	-0.0913264	-0.0823559	0.99241
65	-0.0777342	-0.0901481	0.99289
66	-0.0773843	-0.074697	0.994199
67	-0.077099	-0.0592059	0.995264
68	-0.076879	-0.0436829	0.996083
69	-0.0767252	-0.0281364	0.996655
70	-0.0303242	-0.148789	0.988404
71	-0.0296953	-0.133524	0.990601
72	-0.0291307	-0.118191	0.992563
73	-0.0286322	-0.102798	0.99429
74	-0.028201	-0.0873513	0.995778
75	-0.0148373	-0.0951022	0.995357
76	-0.01531	-0.110528	0.993755
77	-0.0158504	-0.125897	0.991917
78	-0.0164572	-0.141202	0.989844
79	-0.00329472	-0.148849	0.988854
80	-0.00264577	-0.133574	0.991035
81	-0.00206337	-0.118233	0.992984
82	-0.00154911	-0.102832	0.994698
83	-0.00110439	-0.0873785	0.996175
84	0.0121475	-0.0951078	0.995393
85	0.0116615	-0.110537	0.993804
86	0.0111055	-0.12591	0.99198
87	0.0104813	-0.141221	0.989923
88	0.0235293	-0.148833	0.988582
89	0.0241951	-0.133556	0.990746
90	0.0247926	-0.118214	0.992679
91	0.02532	-0.102813	0.994378
92	0.0257761	-0.0873607	0.995843
93	0.0736853	-0.0901937	0.993195
94	0.0740959	-0.0747278	0.994447
95	0.0744306	-0.0592257	0.995466
96	0.0746885	-0.0436949	0.996249
97	0.0748688	-0.0281429	0.996796
98	0.0879271	-0.0358953	0.99548
99	0.0877065	-0.0514268	0.994818
100	0.0874083	-0.0669335	0.993921
101	0.0870332	-0.0824082	0.992791
102	0.0998855	-0.0900592	0.990915
103	0.100301	-0.074615	0.992155
104	0.10064	-0.0591354	0.993164
105	0.1009	-0.0436278	0.99394
106	0.101083	-0.0280995	0.994481
107	0.114011	-0.0358326	0.992833
108	0.113788	-0.0513374	0.992178
109	0.113487	-0.0668181	0.99129
110	0.113108	-0.0822674	0.990171
111	0.125831	-0.0898882	0.987971
112	0.12625	-0.0744719	0.989199
113	0.126591	-0.0590212	0.990198
114	0.126853	-0.043543	0.990965
115	0.127037	-0.0280446	0.991501
116	0.0748688	0.0281429	0.996796
117	0.0746885	0.0436949	0.996249
118	0.0744306	0.0592257	0.995466
119	0.0740959	0.0747278	0.994447
120	0.0736853	0.0901937	0.993195
121	0.0870332	0.0824082	0.992791
122	0.0874083	0.0669335	0.993921
123	0.0877065	0.0514268	0.994818
124	0.0879271	0.0358953	0.99548
125	0.101083	0.0280995	0.994481
126	0.1009	0.0436278	0.99394
127	0.10064	0.0591354	0.993164
128	0.100301	0.074615	0.992155
129	0.0998855	0.0900592	0.990915
130	0.113108	0.0822674	0.990171
131	0.113487	0.0668181	0.99129
132	0.113788	0.0513374	0.992178
133	0.114011	0.0358326	0.992833
134	0.127037	0.0280446	0.991501
135	0.126853	0.043543	0.990965
136	0.126591	0.0590212	0.990198
137	0.12625	0.0744719	0.989199
138	0.125831	0.0898882	0.987971
139	-0.028201	0.0873513	0.995778
140	-0.0286322	0.102798	0.99429
141	-0.0291307	0.118191	0.992563
142	-0.0296953	0.133524	0.990601
143	-0.0303242	0.148789	0.988404
144	-0.0164572	0.141202	0.989844
145	-0.0158504	0.125897	0.991917
146	-0.01531	0.110528	0.993755
147	-0.0148373	0.0951022	0.995357
148	-0.00110439	0.0873785	0.996175
149	-0.00154911	0.102832	0.994698
150	-0.00206337	0.118233	0.992984
151	-0.00264577	0.133574	0.991035
152	-0.00329472	0.148849	0.988854
153	0.0104813	0.141221	0.989923
154	0.0111055	0.12591	0.99198
155	0.0116615	0.110537	0.993804
156	0.0121475	0.0951078	0.995393
157	0.0257761	0.0873607	0.995843
158	0.02532	0.102813	0.994378
159	0.0247926	0.118214	0.992679
160	0.0241951	0.133556	0.990746
161	0.0235293	0.148833	0.988582
